ID,Roll,Name,Department,Time,Date,Status
1,Unknown,Unknown,Unknown,19:58:59,22/03/2026,Present
